station_code latitude longitude altitude number_of_sondes
 'EMN_02365' 62.532   017.436    142.712        100
 'EMN_02527' 57.657   012.291    109.116         57
 'EMN_03005' 60.139   -01.184    000.000        140
 'EMN_03238' 55.019   -01.878    161.612         37
 'EMN_03354' 53.006   -01.250    098.331        107
 'EMN_03808' 50.218   -05.327    049.025        118
 'EMN_03882' 50.883   000.317    038.707        100
 'EMN_03918' 54.502   -06.344    080.932         96
 'EMN_04270' 61.158   -45.440    373.556        123
 'EMN_04320' 76.769   -18.668    093.266        123
 'EMN_04339' 70.484   -21.951    197.119        139
 'EMN_04360' 65.611   -37.637    000.000         96
 'EMN_06011' 62.023   -06.764    000.000        129
 'EMN_10035' 54.527   009.549    015.675        122
 'EMN_10113' 53.712   007.151    000.000        122
 'EMN_10184' 54.097   013.405    000.000        121
 'EMN_10238' 52.815   009.925    075.164        236
 'EMN_10393' 52.208   014.120    058.030        244
 'EMN_10410' 51.404   006.968    091.085        119
 'EMN_10548' 50.561   010.376    449.772        120
 'EMN_10618' 49.693   007.326    428.746        244
 'EMN_10739' 48.828   009.201    300.386        120
 'EMN_10771' 49.428   011.902    457.015        244
 'EMN_10868' 48.245   011.553    515.802        118
 'DLR_04018' 63.985   -22.606    003.357         17
 'IMO_04018' 63.981   -22.595    003.357         76
'NCAS_03501' 52.425   -04.005    000.000         31
 'EMN_01001' 70.940   -08.668    000.000        162
 'EMN_01004' 78.923   011.922    000.000         61
 'EMN_01010' 69.315   016.131    000.000        117
 'EMN_01028' 74.504   019.001    000.000        159
 'EMN_01241' 63.705   009.612    000.000        104
 'EMN_01400' 56.542   003.224    000.000         89
 'EMN_01415' 58.874   005.665    089.298        116
 'EMN_02185' 65.543   022.115    000.000         50
 'EMN_02591' 57.671   018.345    018.518         96
 'EMN_07110' 48.450   -04.420    055.914        117
 'EMN_07145' 48.770   002.020    113.728        117
 'EMN_07510' 44.830   -00.680    041.460        116
 'EMN_07645' 43.850   004.400    068.295        116
 'EMN_11035' 48.249   016.357    259.815        123
 'EMN_11952' 49.035   020.323    971.335        126
 'EMN_14240' 45.821   016.034    182.186        122
 'EMN_14430' 44.101   015.339    074.086         95
 'EMN_16045' 45.974   013.048    036.461        125
 'EMN_16080' 45.461   009.284    079.192        126
 'EMN_16245' 41.670   012.450    061.118        125
 'EMN_16320' 40.651   017.948    000.000        125
 'EMN_16546' 39.344   008.966    167.838        127
'EMN_ASDE01' 49.812   -17.673    000.000         26
'EMN_ASDE03' 53.534   009.994    021.647         16
'EMN_ASDE04' 24.004   -62.445    000.000         33
'EMN_ASDK01' 62.729   -12.388    000.000         95
'EMN_ASDK02' 62.391   -31.015    000.000         64
'EMN_ASDK03' 59.358   -43.111    000.000         45
'EMN_ASES01' 28.140   -15.424    000.000         10
'EMN_ASEU01' 79.263   003.867    000.000         55
'EMN_ASEU02' 23.110   -64.936    000.000         42
'EMN_ASEU03' 50.774   -13.227    000.000         46
'EMN_ASEU04' 52.190   -52.482    000.000         23
'EMN_ASEU06' 53.175   -36.283    000.000         41
 'EMN_ASFR1' 35.580   -28.450    000.000         49
 'EMN_ASFR2' 39.320   -47.900    000.000         37
 'EMN_ASFR3' 47.400   -07.470    000.000         46
 'EMN_ASFR4' 26.230   -67.730    000.000         42
  'EMN_DBLK' 78.753   -04.233    000.000         12
 'CAN_71081' 68.770   -81.219    000.000        137
 'CAN_71600' 43.931   -59.951    000.000        142
 'CAN_71802' 47.520   -52.778    067.543        143
 'CAN_71909' 63.750   -68.550    000.000        140
 'CAN_71917' 79.980   -85.930    225.131        143
 'CAN_71924' 74.700   -94.970    069.224        137
